0: 0 100 
1: 1 
2: 2 
3: 3 103 
4: 4 14 
5: 5 
6: 6 16 
7: 7 17 
8: 8 18 
9: 9 19 
10: 10 20 21 22 30 34 110 120 134 332 333 
11: 11 21 121 
12: 12 22 112 122 
13: 13 
14: 4 14 
15: 15 
16: 6 16 
17: 7 17 
18: 8 18 
19: 9 19 
20: 10 20 21 22 30 33 34 120 121 122 133 134 223 224 232 233 322 323 332 333 413 422 423 432 433 522 532 
21: 10 11 20 21 22 34 120 121 122 133 134 223 224 232 323 332 333 423 432 433 
22: 10 12 20 21 22 32 34 120 122 123 124 132 133 134 223 224 232 233 234 322 323 332 333 413 422 423 432 433 531 
23: 23 34 123 124 133 134 223 224 233 322 332 432 531 
24: 24 
25: 25 
26: 26 
27: 27 
28: 28 
29: 29 
30: 10 20 30 31 32 33 131 132 133 134 142 143 232 233 234 242 332 333 342 433 441 442 
31: 30 31 32 33 34 41 42 123 131 132 133 134 142 143 144 223 232 233 234 242 243 332 333 342 432 433 441 442 540 541 
32: 22 30 31 32 33 34 41 42 122 123 131 132 133 134 142 143 144 223 232 233 234 242 243 332 333 342 432 433 441 442 540 541 542 
33: 20 30 31 32 33 34 41 42 43 123 131 132 133 134 142 143 144 232 233 234 242 243 332 333 342 432 433 442 532 542 
34: 10 20 21 22 23 31 32 33 34 35 36 37 38 122 123 124 132 133 134 135 144 223 224 232 233 234 313 322 323 332 333 342 413 422 423 431 432 433 442 522 530 531 532 
35: 34 35 36 134 135 136 332 333 432 433 
36: 34 35 36 37 38 134 135 136 224 323 332 333 413 422 423 432 433 522 523 532 
37: 34 36 37 38 47 48 135 323 332 333 413 422 423 431 522 523 531 532 
38: 34 36 37 38 39 48 49 135 138 223 224 232 313 323 332 333 422 431 432 530 531 532 
39: 38 39 49 135 
40: 40 130 
41: 31 32 33 41 42 43 132 133 141 142 143 144 233 242 243 442 
42: 31 32 33 41 42 43 44 142 143 144 243 442 
43: 33 41 42 43 44 142 143 144 
44: 42 43 44 243 443 
45: 45 145 
46: 46 
47: 37 47 
48: 37 38 48 
49: 38 39 49 
50: 50 150 
51: 51 
52: 52 53 152 153 
53: 52 53 54 55 56 153 154 155 156 157 163 246 252 253 254 255 256 257 344 353 354 453 535 553 720 
54: 53 54 55 56 57 153 154 155 156 157 163 240 246 252 253 254 255 256 257 344 352 353 356 453 535 544 552 553 586 653 654 720 721 
55: 53 54 55 56 57 153 154 155 156 157 158 246 253 254 255 256 257 300 310 344 353 354 410 444 453 454 535 544 545 553 554 720 
56: 53 54 55 56 57 153 154 155 156 157 158 246 253 254 255 256 257 300 344 353 354 453 454 535 544 545 554 
57: 54 55 56 57 58 154 155 156 157 158 253 254 256 257 344 353 354 453 454 544 545 
58: 57 58 158 
59: 59 
60: 60 70 
61: 61 
62: 62 63 
63: 62 63 
64: 64 65 74 164 165 
65: 64 65 66 74 75 76 97 164 165 175 176 197 198 365 366 375 376 465 466 470 475 476 565 575 666 676 691 867 868 869 877 878 879 978 979 
66: 65 66 75 76 164 165 166 176 197 365 366 375 376 475 476 496 575 867 868 877 878 879 969 978 979 
67: 67 
68: 68 78 
69: 69 79 
70: 60 70 
71: 71 
72: 72 
73: 73 
74: 64 65 74 75 174 175 465 475 565 575 666 766 767 776 777 867 877 
75: 65 66 74 75 76 97 165 175 176 197 365 375 465 466 475 565 575 597 665 666 676 691 735 766 776 777 837 838 867 877 878 879 
76: 65 66 75 76 77 86 87 96 97 164 165 176 197 365 375 376 397 475 476 877 878 879 978 979 989 
77: 76 77 87 
78: 68 78 
79: 69 79 
80: 80 
81: 81 
82: 82 83 92 93 182 
83: 82 83 84 93 182 183 184 
84: 83 84 
85: 85 
86: 76 86 87 96 
87: 76 77 86 87 187 
88: 88 
89: 89 
90: 90 
91: 91 
92: 82 92 
93: 82 83 93 183 
94: 94 
95: 95 96 
96: 76 86 95 96 97 197 397 691 877 878 879 
97: 65 75 76 96 97 98 165 197 397 465 475 565 575 691 867 877 878 879 
98: 97 98 198 
99: 99 
100: 0 100 
101: 101 
102: 102 
103: 3 103 300 401 502 
104: 104 
105: 105 115 
106: 106 116 
107: 107 117 
108: 108 118 
109: 109 119 
110: 10 110 120 
111: 111 121 
112: 12 112 
113: 113 
114: 114 
115: 105 115 
116: 106 116 
117: 107 117 
118: 108 118 
119: 109 119 
120: 10 20 21 22 110 120 121 134 333 
121: 11 20 21 111 120 121 
122: 12 20 21 22 32 34 122 123 124 132 133 134 222 223 224 232 233 234 322 323 332 333 413 422 423 432 433 531 
123: 22 23 31 32 33 34 122 123 124 131 132 133 134 135 213 222 223 224 232 233 234 242 313 322 323 332 333 342 413 422 423 431 432 433 442 530 531 532 540 541 
124: 22 23 34 122 123 124 133 134 135 222 223 224 232 233 313 322 323 332 333 413 422 423 432 433 521 522 531 532 
125: 125 
126: 126 
127: 127 
128: 128 
129: 129 
130: 40 130 
131: 30 31 32 33 123 131 132 133 134 141 223 232 233 234 242 332 333 342 432 433 442 
132: 22 30 31 32 33 34 41 122 123 131 132 133 134 142 143 144 223 232 233 234 242 243 332 333 342 432 433 441 442 540 541 
133: 20 21 22 23 30 31 32 33 34 41 122 123 124 131 132 133 134 142 143 144 223 224 232 233 234 242 243 332 333 342 432 433 441 442 530 531 532 540 541 542 
134: 10 20 21 22 23 30 31 32 33 34 35 36 120 122 123 124 131 132 133 134 135 143 144 223 224 232 233 234 242 322 323 332 333 342 413 422 423 432 433 442 530 531 532 
135: 34 35 36 37 38 39 123 124 134 135 136 223 224 235 313 322 323 332 333 413 422 423 432 433 522 523 531 532 
136: 35 36 135 136 
137: 137 
138: 38 138 
139: 139 149 
140: 140 
141: 41 131 141 
142: 30 31 32 33 41 42 43 132 133 142 143 144 232 233 242 243 342 433 441 442 443 540 541 
143: 30 31 32 33 41 42 43 132 133 134 142 143 144 232 233 234 242 243 342 433 442 443 540 541 
144: 31 32 33 34 41 42 43 132 133 134 142 143 144 233 234 242 243 333 342 343 433 442 443 
145: 45 145 
146: 146 
147: 147 
148: 148 
149: 139 149 
150: 50 150 250 
151: 151 251 
152: 52 152 162 252 
153: 52 53 54 55 56 153 154 155 156 157 163 240 246 252 253 254 255 256 257 353 453 552 553 586 654 720 721 
154: 53 54 55 56 57 153 154 155 156 157 163 246 253 254 255 256 257 263 300 310 344 353 354 401 410 453 454 535 544 545 553 586 720 
155: 53 54 55 56 57 153 154 155 156 157 158 246 253 254 255 256 257 263 310 344 353 354 410 444 453 454 535 544 545 553 554 720 
156: 53 54 55 56 57 153 154 155 156 157 158 246 253 254 255 256 257 344 353 354 356 444 453 454 535 544 545 553 653 654 720 
157: 53 54 55 56 57 153 154 155 156 157 158 246 247 253 254 255 256 257 344 353 354 444 453 454 535 544 545 553 554 720 
158: 55 56 57 58 155 156 157 158 254 257 344 
159: 159 
160: 160 
161: 161 162 171 
162: 152 161 162 163 172 
163: 53 54 153 154 162 163 253 453 586 
164: 64 65 66 76 164 165 376 476 878 879 978 979 
165: 64 65 66 75 76 97 164 165 166 175 176 197 198 365 375 376 465 475 565 575 867 868 877 878 879 978 979 
166: 66 165 166 176 
167: 167 177 
168: 168 178 
169: 169 179 
170: 170 
171: 161 171 
172: 162 172 
173: 173 
174: 74 174 175 
175: 65 74 75 165 174 175 176 375 465 475 565 575 666 776 777 867 877 879 
176: 65 66 75 76 165 166 175 176 877 878 879 978 
177: 167 177 
178: 168 178 
179: 169 179 
180: 180 
181: 181 
182: 82 83 182 183 192 
183: 83 93 182 183 184 185 284 
184: 83 183 184 185 284 285 
185: 183 184 185 284 285 
186: 186 
187: 87 187 386 486 
188: 188 
189: 189 
190: 190 
191: 191 
192: 182 192 193 
193: 192 193 
194: 194 195 294 
195: 194 195 
196: 196 
197: 65 66 75 76 96 97 165 197 198 376 397 475 476 496 497 565 575 867 868 877 878 879 979 
198: 65 98 165 197 198 878 879 
199: 199 
200: 200 210 
201: 201 211 
202: 202 
203: 203 
204: 204 
205: 205 
206: 206 216 
207: 207 217 
208: 208 
209: 209 219 
210: 200 210 
211: 201 211 
212: 212 
213: 123 213 214 223 224 313 
214: 213 214 224 
215: 215 
216: 206 216 
217: 207 217 
218: 218 
219: 209 219 
220: 220 
221: 221 
222: 122 123 124 222 223 232 233 322 
223: 20 21 22 23 31 32 34 38 122 123 124 131 132 133 134 135 213 222 223 224 225 232 233 234 242 313 322 323 332 333 342 413 422 423 431 432 433 442 521 522 530 531 532 
224: 20 21 22 23 34 36 38 122 123 124 133 134 135 213 214 223 224 225 232 233 234 313 322 323 324 332 333 413 422 423 431 432 433 522 523 531 532 
225: 223 224 225 313 323 413 422 423 522 
226: 226 
227: 227 
228: 228 
229: 229 
230: 230 240 340 
231: 231 
232: 20 21 22 30 31 32 33 34 38 122 123 124 131 132 133 134 142 143 222 223 224 232 233 234 242 322 323 332 333 342 431 432 433 441 442 530 531 532 540 541 542 
233: 20 22 23 30 31 32 33 34 41 122 123 124 131 132 133 134 142 143 144 222 223 224 232 233 234 242 243 332 333 342 432 433 441 442 540 541 
234: 22 30 31 32 33 34 122 123 131 132 133 134 143 144 223 224 232 233 234 242 243 332 333 342 432 433 442 
235: 135 235 432 
236: 236 
237: 237 247 
238: 238 248 
239: 239 249 
240: 54 153 230 240 250 253 255 260 340 350 553 
241: 241 
242: 30 31 32 33 41 123 131 132 133 134 142 143 144 223 232 233 234 242 243 332 333 342 432 433 441 442 540 541 542 
243: 31 32 33 41 42 44 132 133 142 143 144 233 234 242 243 342 343 442 443 
244: 244 434 
245: 245 
246: 53 54 55 56 153 154 155 156 157 246 253 254 255 256 257 346 353 356 453 553 
247: 157 237 247 257 
248: 238 248 
249: 239 249 
250: 150 240 250 251 260 350 
251: 151 250 251 252 261 350 551 
252: 53 54 152 153 251 252 253 255 261 262 350 351 352 452 551 552 553 
253: 53 54 55 56 57 153 154 155 156 157 163 240 246 252 253 254 255 256 257 263 352 353 356 453 535 544 552 553 653 654 720 721 
254: 53 54 55 56 57 153 154 155 156 157 158 246 253 254 255 256 257 263 300 310 344 353 354 401 410 444 453 454 535 544 545 553 554 710 720 
255: 53 54 55 56 153 154 155 156 157 240 246 252 253 254 255 256 257 344 345 353 354 355 356 453 544 553 653 654 
256: 53 54 55 56 57 153 154 155 156 157 246 253 254 255 256 257 344 353 354 356 410 453 454 535 544 545 553 554 654 
257: 53 54 55 56 57 153 154 155 156 157 158 246 247 253 254 255 256 257 344 353 354 453 454 535 544 545 553 
258: 258 
259: 259 
260: 240 250 260 
261: 251 252 261 271 350 551 
262: 252 262 272 
263: 154 155 253 254 263 353 
264: 264 265 
265: 264 265 
266: 266 
267: 267 277 
268: 268 278 
269: 269 279 
270: 270 
271: 261 271 
272: 262 272 
273: 273 
274: 274 
275: 275 
276: 276 
277: 267 277 
278: 268 278 
279: 269 279 
280: 280 
281: 281 
282: 282 
283: 283 284 
284: 183 184 185 283 284 285 
285: 184 185 284 285 
286: 286 
287: 287 
288: 288 
289: 289 
290: 290 
291: 291 
292: 292 
293: 293 294 
294: 194 293 294 
295: 295 
296: 296 
297: 297 
298: 298 
299: 299 
300: 55 56 103 154 254 300 301 310 311 354 400 401 410 411 454 486 501 502 602 603 612 613 710 720 
301: 300 301 310 311 354 401 410 411 501 502 602 603 612 
302: 302 
303: 303 
304: 304 
305: 305 315 
306: 306 316 
307: 307 
308: 308 
309: 309 319 
310: 55 154 155 254 300 301 310 311 320 353 354 401 410 411 454 501 502 602 603 612 613 710 720 
311: 300 301 310 311 320 321 354 401 410 411 454 501 502 602 603 612 613 
312: 312 
313: 34 38 123 124 135 213 223 224 225 313 322 323 324 332 333 413 422 423 432 522 523 531 532 
314: 314 324 
315: 305 315 
316: 306 316 
317: 317 
318: 318 
319: 309 319 
320: 310 311 320 410 411 420 
321: 311 321 
322: 20 22 23 34 122 123 124 134 135 222 223 224 232 313 322 323 332 333 413 422 423 432 433 522 523 531 532 
323: 20 21 22 34 36 37 38 122 123 124 134 135 223 224 225 232 313 322 323 324 332 333 413 422 423 424 431 432 433 521 522 523 531 532 
324: 224 313 314 323 324 413 422 423 424 522 523 
325: 325 
326: 326 
327: 327 
328: 328 
329: 329 
330: 330 340 410 
331: 331 341 
332: 10 20 21 22 23 30 31 32 33 34 35 36 37 38 122 123 124 131 132 133 134 135 223 224 232 233 234 242 313 322 323 332 333 342 413 422 423 431 432 433 441 442 522 523 530 531 532 541 
333: 10 20 21 22 30 31 32 33 34 35 36 37 38 120 122 123 124 131 132 133 134 135 144 223 224 232 233 234 242 313 322 323 332 333 342 413 422 423 431 432 433 442 530 531 532 
334: 334 
335: 335 345 
336: 336 
337: 337 347 
338: 338 348 
339: 339 349 
340: 230 240 330 340 350 
341: 331 341 441 
342: 30 31 32 33 34 123 131 132 133 134 142 143 144 223 232 233 234 242 243 332 333 342 432 433 441 442 531 540 541 542 858 859 
343: 144 243 343 443 
344: 53 54 55 56 57 154 155 156 157 158 254 255 256 257 344 353 354 444 445 453 454 535 544 545 
345: 255 335 345 355 445 
346: 246 346 356 
347: 337 347 
348: 338 348 
349: 339 349 
350: 240 250 251 252 261 340 350 351 352 450 451 452 550 551 552 553 754 
351: 252 350 351 451 452 
352: 54 252 253 350 352 451 452 553 
353: 53 54 55 56 57 153 154 155 156 157 246 253 254 255 256 257 263 310 344 353 354 444 453 454 535 544 545 553 554 720 
354: 53 55 56 57 154 155 156 157 254 255 256 257 300 301 310 311 344 353 354 401 410 453 454 501 502 554 602 603 612 710 720 
355: 255 345 355 356 
356: 54 156 246 253 255 256 346 355 356 357 453 456 553 
357: 356 357 
358: 358 
359: 359 
360: 360 370 460 
361: 361 371 461 
362: 362 372 
363: 363 364 373 374 
364: 363 364 374 464 
365: 65 66 75 76 165 365 372 375 465 470 475 565 575 665 777 867 868 869 877 878 879 979 
366: 65 66 366 376 466 476 878 
367: 367 377 
368: 368 378 
369: 369 379 
370: 360 370 
371: 361 371 
372: 362 365 372 373 375 465 475 565 575 867 869 
373: 363 372 373 374 474 
374: 363 364 373 374 464 474 
375: 65 66 75 76 165 175 365 372 375 465 475 565 575 665 776 777 867 868 869 877 878 879 
376: 65 66 76 164 165 197 366 376 397 475 476 496 878 879 978 979 
377: 367 377 
378: 368 378 
379: 369 379 
380: 380 
381: 381 
382: 382 
383: 383 
384: 384 484 
385: 385 
386: 187 386 387 485 486 
387: 386 387 486 487 
388: 388 
389: 389 
390: 390 490 
391: 391 
392: 392 
393: 393 
394: 394 
395: 395 
396: 396 397 496 
397: 76 96 97 197 376 396 397 496 497 878 879 979 
398: 398 498 
399: 399 
400: 300 400 401 410 500 
401: 103 154 254 300 301 310 311 354 400 401 410 411 454 501 502 602 603 612 613 710 
402: 402 502 
403: 403 
404: 404 414 
405: 405 415 
406: 406 416 
407: 407 417 
408: 408 418 
409: 409 419 
410: 55 154 155 254 256 300 301 310 311 320 330 354 400 401 410 411 420 501 502 602 603 612 710 720 
411: 300 301 310 311 320 401 410 411 501 502 511 602 603 612 613 
412: 412 
413: 20 22 34 36 37 122 123 124 134 135 223 224 225 313 322 323 324 332 333 413 414 422 423 424 432 522 523 531 532 
414: 404 413 414 424 
415: 405 415 
416: 406 416 
417: 407 417 
418: 408 418 
419: 409 419 
420: 320 410 420 
421: 421 
422: 20 22 34 36 37 38 122 123 124 134 135 223 224 225 313 322 323 324 332 333 413 422 423 424 431 432 521 522 523 531 532 
423: 20 21 22 34 36 37 122 123 124 134 135 223 224 225 313 322 323 324 332 333 413 422 423 424 431 432 433 522 523 531 532 
424: 323 324 413 414 422 423 424 522 523 524 
425: 425 
426: 426 
427: 427 
428: 428 
429: 429 
430: 430 
431: 34 37 38 123 223 224 232 323 332 333 422 423 431 432 441 530 531 532 541 
432: 20 21 22 23 31 32 33 34 35 36 38 122 123 124 131 132 133 134 135 223 224 232 233 234 235 242 313 322 323 332 333 342 413 422 423 431 432 433 441 442 530 531 532 540 541 542 
433: 20 21 22 30 31 32 33 34 35 36 122 123 124 131 132 133 134 135 142 143 144 223 224 232 233 234 242 322 323 332 333 342 423 432 433 442 531 532 
434: 244 434 
435: 435 445 535 545 
436: 436 446 
437: 437 447 
438: 438 448 
439: 439 449 
440: 440 441 442 540 541 859 
441: 30 31 32 132 133 142 232 233 242 332 341 342 431 432 440 441 442 530 531 540 541 542 
442: 30 31 32 33 34 41 42 123 131 132 133 134 142 143 144 223 232 233 234 242 243 332 333 342 432 433 440 441 442 540 541 542 859 
443: 44 142 143 144 243 343 443 
444: 55 155 156 157 254 344 353 444 445 453 534 535 544 545 553 
445: 344 345 435 444 445 535 544 545 
446: 436 446 
447: 437 447 
448: 438 448 
449: 439 449 
450: 350 450 451 452 550 551 685 754 785 959 
451: 350 351 352 450 451 452 550 551 685 754 
452: 252 350 351 352 450 451 452 550 551 552 
453: 53 54 55 56 57 153 154 155 156 157 163 246 253 254 255 256 257 344 353 354 356 444 453 454 535 544 545 552 553 586 654 
454: 55 56 57 154 155 156 157 254 256 257 300 310 311 344 353 354 401 453 454 544 545 554 602 
455: 455 555 
456: 356 456 
457: 457 
458: 458 
459: 459 
460: 360 460 
461: 361 461 471 
462: 462 
463: 463 
464: 364 374 464 474 877 
465: 65 74 75 97 165 175 365 372 375 465 466 475 565 575 665 666 675 691 766 767 776 777 867 869 876 877 878 879 
466: 65 75 366 465 466 475 476 565 566 575 867 877 
467: 467 477 
468: 468 478 
469: 469 479 
470: 65 365 470 471 475 
471: 461 470 471 475 575 867 
472: 472 
473: 473 
474: 373 374 464 474 
475: 65 66 74 75 76 97 165 175 197 365 372 375 376 465 466 470 471 475 565 575 597 665 666 676 691 766 767 776 777 867 868 869 877 878 879 979 
476: 65 66 76 164 197 366 376 466 476 496 576 979 
477: 467 477 
478: 468 478 
479: 469 479 
480: 480 580 581 681 
481: 481 
482: 482 483 492 493 
483: 482 483 484 493 
484: 384 483 484 494 584 
485: 386 485 486 
486: 187 300 386 387 485 486 502 602 612 
487: 387 487 
488: 488 
489: 489 
490: 390 490 491 799 
491: 490 491 
492: 482 492 493 
493: 482 483 492 493 
494: 484 494 
495: 495 
496: 66 197 376 396 397 476 496 497 878 879 979 
497: 197 397 496 497 869 879 969 979 
498: 398 498 
499: 499 
500: 400 500 510 
501: 300 301 310 311 354 401 410 411 501 502 511 601 602 603 611 612 613 710 
502: 103 300 301 310 311 354 401 402 410 411 486 501 502 503 601 602 603 612 613 710 
503: 502 503 603 613 
504: 504 
505: 505 515 
506: 506 516 
507: 507 517 
508: 508 518 
509: 509 519 
510: 500 510 
511: 411 501 511 512 611 
512: 511 512 
513: 513 
514: 514 524 
515: 505 515 
516: 506 516 
517: 507 517 
518: 508 518 
519: 509 519 
520: 520 
521: 124 223 323 422 521 522 
522: 20 34 36 37 124 135 223 224 225 313 322 323 324 332 413 422 423 424 521 522 523 524 531 532 
523: 36 37 135 224 313 322 323 324 332 413 422 423 424 522 523 524 531 532 
524: 424 514 522 523 524 
525: 525 
526: 526 
527: 527 
528: 528 
529: 529 
530: 34 38 123 133 134 223 232 332 333 431 432 441 530 531 532 540 541 630 
531: 22 23 34 37 38 122 123 124 133 134 135 223 224 232 313 322 323 332 333 342 413 422 423 431 432 433 441 522 523 530 531 532 541 573 631 
532: 20 33 34 36 37 38 123 124 133 134 135 223 224 232 313 322 323 332 333 413 422 423 431 432 433 522 523 530 531 532 533 542 573 631 
533: 532 533 542 
534: 444 534 544 
535: 53 54 55 56 154 155 156 157 253 254 256 257 344 353 435 444 445 453 535 544 545 
536: 536 546 
537: 537 547 
538: 538 548 
539: 539 549 
540: 31 32 123 132 133 142 143 232 233 242 342 432 440 441 442 530 540 541 640 859 
541: 31 32 123 132 133 142 143 232 233 242 332 342 431 432 440 441 442 530 531 540 541 542 640 641 
542: 32 33 133 232 242 342 432 441 442 532 533 541 542 
543: 543 553 
544: 54 55 56 57 154 155 156 157 253 254 255 256 257 344 353 444 445 453 454 534 535 544 545 553 554 
545: 55 56 57 154 155 156 157 254 256 257 344 353 435 444 445 453 454 535 544 545 
546: 536 546 
547: 537 547 
548: 538 548 
549: 539 549 
550: 350 450 451 452 550 551 685 754 959 
551: 251 252 261 350 450 451 452 550 551 685 754 
552: 54 153 252 253 350 452 453 552 553 653 654 
553: 53 54 55 153 154 155 156 157 240 246 252 253 254 255 256 257 350 352 353 356 444 453 543 544 552 553 653 654 
554: 55 56 155 157 254 256 353 354 454 544 554 
555: 455 555 
556: 556 
557: 557 
558: 558 
559: 559 
560: 560 
561: 561 
562: 562 572 
563: 563 
564: 564 
565: 65 74 75 97 165 175 197 365 372 375 465 466 475 565 575 597 665 666 675 676 691 766 767 776 777 867 869 876 877 878 879 
566: 466 566 576 666 
567: 567 577 
568: 568 578 
569: 569 579 
570: 570 
571: 571 581 
572: 562 572 573 582 662 671 672 673 682 
573: 531 532 572 573 582 757 857 
574: 574 
575: 65 66 74 75 97 165 175 197 365 372 375 465 466 471 475 565 575 597 665 666 675 676 691 735 766 767 776 777 867 868 869 877 878 879 
576: 476 566 576 
577: 567 577 
578: 568 578 
579: 569 579 
580: 480 580 581 680 681 691 
581: 480 571 580 581 582 672 681 682 683 
582: 572 573 581 582 583 672 682 683 
583: 582 583 
584: 484 584 594 
585: 585 
586: 54 153 154 163 453 586 
587: 587 687 
588: 588 
589: 589 
590: 590 
591: 591 
592: 592 593 
593: 592 593 694 
594: 584 594 
595: 595 
596: 596 597 666 696 766 767 776 777 
597: 75 475 565 575 596 597 666 676 697 738 739 776 777 867 877 
598: 598 
599: 599 
600: 600 610 
601: 501 502 601 602 611 612 
602: 300 301 310 311 354 401 410 411 454 486 501 502 601 602 603 612 613 710 
603: 300 301 310 311 354 401 410 411 501 502 503 602 603 612 613 710 
604: 604 614 
605: 605 615 
606: 606 616 
607: 607 617 
608: 608 618 
609: 609 619 
610: 600 610 
611: 501 511 601 611 612 
612: 300 301 310 311 354 401 410 411 486 501 502 601 602 603 611 612 613 710 
613: 300 310 311 401 411 501 502 503 602 603 612 613 710 
614: 604 614 
615: 605 615 
616: 606 616 
617: 607 617 
618: 608 618 
619: 609 619 
620: 620 
621: 621 
622: 622 
623: 623 
624: 624 
625: 625 
626: 626 
627: 627 
628: 628 
629: 629 
630: 530 630 640 
631: 531 532 631 641 
632: 632 633 634 642 643 666 733 734 735 736 737 739 743 744 745 746 747 748 749 766 767 776 837 838 839 846 847 848 849 
633: 632 633 634 635 642 643 644 666 676 733 734 735 736 737 738 739 743 744 745 746 747 748 749 836 837 838 839 846 847 848 849 
634: 632 633 634 635 642 643 644 645 733 734 735 736 737 738 739 745 746 747 748 749 836 837 838 839 848 849 
635: 633 634 635 644 645 735 736 737 738 739 745 749 838 
636: 636 646 
637: 637 647 
638: 638 648 
639: 639 
640: 540 541 630 640 
641: 541 631 641 
642: 632 633 634 642 643 734 735 736 737 739 745 746 747 748 749 837 838 839 847 848 849 
643: 632 633 634 642 643 644 735 736 737 738 739 744 745 746 748 749 838 839 848 
644: 633 634 635 643 644 645 734 735 738 739 744 745 748 749 
645: 634 635 644 645 745 
646: 636 646 
647: 637 647 
648: 638 648 
649: 649 
650: 650 
651: 651 
652: 652 
653: 54 156 253 255 552 553 653 654 
654: 54 153 156 253 255 256 453 552 553 653 654 
655: 655 
656: 656 
657: 657 
658: 658 
659: 659 
660: 660 
661: 661 
662: 572 662 672 673 
663: 663 
664: 664 674 764 774 
665: 75 365 375 465 475 565 575 665 666 675 766 776 777 867 877 879 
666: 65 74 75 175 465 475 565 566 575 596 597 632 633 665 666 676 734 735 736 737 739 746 747 748 749 766 767 776 777 837 838 839 847 848 849 866 867 876 877 
667: 667 677 
668: 668 678 
669: 669 679 
670: 670 
671: 572 671 
672: 572 581 582 662 672 673 681 682 766 776 
673: 572 662 672 673 682 683 
674: 664 674 764 774 
675: 465 565 575 665 675 766 776 
676: 65 75 475 565 575 597 633 666 676 734 735 739 748 749 766 767 776 777 838 848 867 869 877 
677: 667 677 
678: 668 678 
679: 669 679 
680: 580 680 681 690 
681: 480 580 581 672 680 681 691 766 
682: 572 581 582 672 673 682 683 
683: 581 582 673 682 683 
684: 684 
685: 450 451 550 551 685 754 785 
686: 686 
687: 587 687 
688: 688 
689: 689 
690: 680 690 
691: 65 75 96 97 465 475 565 575 580 681 691 877 879 
692: 692 
693: 693 
694: 593 694 
695: 695 
696: 596 696 
697: 597 697 
698: 698 
699: 699 
700: 700 710 
701: 701 711 
702: 702 703 712 713 
703: 702 703 712 713 
704: 704 714 
705: 705 715 
706: 706 
707: 707 717 
708: 708 718 
709: 709 719 
710: 254 300 310 354 401 410 501 502 602 603 612 613 700 710 720 730 820 
711: 701 711 
712: 702 703 712 713 
713: 702 703 712 713 
714: 704 714 
715: 705 715 
716: 716 
717: 707 717 
718: 708 718 
719: 709 719 
720: 53 54 55 153 154 155 156 157 253 254 300 310 353 354 410 710 720 730 820 
721: 54 153 253 721 
722: 722 
723: 723 
724: 724 
725: 725 
726: 726 
727: 727 
728: 728 
729: 729 
730: 710 720 730 740 
731: 731 741 
732: 732 742 
733: 632 633 634 733 734 735 743 744 746 747 837 838 839 847 848 849 
734: 632 633 634 642 644 666 676 733 734 735 736 737 738 739 743 744 745 746 747 748 749 766 776 836 837 838 839 846 847 848 849 
735: 75 575 632 633 634 635 642 643 644 666 676 733 734 735 736 737 738 739 744 745 746 747 748 749 836 837 838 839 846 847 848 849 
736: 632 633 634 635 642 643 666 734 735 736 737 738 739 745 746 747 748 749 836 837 838 839 846 847 848 849 
737: 632 633 634 635 642 643 666 734 735 736 737 738 739 745 746 747 748 749 836 837 838 839 846 847 848 849 
738: 597 633 634 635 643 644 734 735 736 737 738 739 745 746 747 748 749 836 837 838 839 847 848 849 
739: 597 632 633 634 635 642 643 644 666 676 734 735 736 737 738 739 745 746 747 748 749 836 837 838 839 847 848 849 
740: 730 740 
741: 731 741 
742: 732 742 
743: 632 633 733 734 743 744 847 848 849 
744: 632 633 643 644 733 734 735 743 744 745 747 748 847 848 849 
745: 632 633 634 635 642 643 644 645 734 735 736 737 738 739 744 745 746 747 748 749 836 837 838 839 846 847 848 849 
746: 632 633 634 642 643 666 733 734 735 736 737 738 739 745 746 747 748 749 766 836 837 838 839 846 847 848 849 
747: 632 633 634 642 666 733 734 735 736 737 738 739 744 745 746 747 748 749 766 767 776 836 837 838 839 846 847 848 849 
748: 632 633 634 642 643 644 666 676 734 735 736 737 738 739 744 745 746 747 748 749 836 837 838 839 846 847 848 849 
749: 632 633 634 635 642 643 644 666 676 734 735 736 737 738 739 745 746 747 748 749 836 837 838 839 846 847 848 849 
750: 750 
751: 751 
752: 752 
753: 753 
754: 350 450 451 550 551 685 754 855 959 
755: 755 
756: 756 757 856 857 
757: 573 756 757 758 856 857 858 
758: 757 758 857 858 859 
759: 759 
760: 760 
761: 761 771 
762: 762 772 
763: 763 773 
764: 664 674 764 774 865 875 
765: 765 775 
766: 74 75 465 475 565 575 596 632 665 666 672 675 676 681 734 746 747 766 767 776 777 837 839 847 848 849 866 867 876 877 887 
767: 74 465 475 565 575 596 632 666 676 747 766 767 776 777 847 848 849 866 867 876 877 
768: 768 
769: 769 
770: 770 
771: 761 771 
772: 762 772 
773: 763 773 
774: 664 674 764 774 865 875 
775: 765 775 
776: 74 75 175 375 465 475 565 575 596 597 632 665 666 672 675 676 734 747 766 767 776 777 847 866 867 876 877 887 
777: 74 75 175 365 375 465 475 565 575 596 597 665 666 676 766 767 776 777 866 867 876 877 887 
778: 778 
779: 779 
780: 780 
781: 781 
782: 782 
783: 783 
784: 784 
785: 450 685 785 
786: 786 
787: 787 
788: 788 
789: 789 
790: 790 
791: 791 
792: 792 
793: 793 
794: 794 
795: 795 
796: 796 
797: 797 
798: 798 
799: 490 799 
800: 800 
801: 801 811 
802: 802 812 
803: 803 813 
804: 804 814 
805: 805 815 
806: 806 816 
807: 807 817 
808: 808 818 
809: 809 819 
810: 810 820 
811: 801 811 
812: 802 812 
813: 803 813 
814: 804 814 
815: 805 815 
816: 806 816 
817: 807 817 
818: 808 818 
819: 809 819 
820: 710 720 810 820 
821: 821 
822: 822 
823: 823 
824: 824 
825: 825 
826: 826 827 
827: 826 827 
828: 828 
829: 829 
830: 830 
831: 831 841 
832: 832 842 
833: 833 843 
834: 834 
835: 835 
836: 633 634 734 735 736 737 738 739 745 746 747 748 749 836 837 838 839 846 847 848 849 
837: 75 632 633 634 642 666 733 734 735 736 737 738 739 745 746 747 748 749 766 836 837 838 839 846 847 848 849 
838: 75 632 633 634 635 642 643 666 676 733 734 735 736 737 738 739 745 746 747 748 749 836 837 838 839 846 847 848 849 
839: 632 633 634 642 643 666 733 734 735 736 737 738 739 745 746 747 748 749 766 836 837 838 839 846 847 848 849 
840: 840 
841: 831 841 
842: 832 842 
843: 833 843 
844: 844 
845: 845 
846: 632 633 734 735 736 737 745 746 747 748 749 836 837 838 839 846 847 848 849 
847: 632 633 642 666 733 734 735 736 737 738 739 743 744 745 746 747 748 749 766 767 776 836 837 838 839 846 847 848 849 
848: 632 633 634 642 643 666 676 733 734 735 736 737 738 739 743 744 745 746 747 748 749 766 767 836 837 838 839 846 847 848 849 
849: 632 633 634 642 666 733 734 735 736 737 738 739 743 744 745 746 747 748 749 766 767 836 837 838 839 846 847 848 849 939 
850: 850 
851: 851 
852: 852 
853: 853 
854: 854 855 
855: 754 854 855 
856: 756 757 856 857 858 
857: 573 756 757 758 856 857 858 
858: 342 757 758 856 857 858 859 
859: 342 440 442 540 758 858 859 959 
860: 860 870 
861: 861 871 
862: 862 872 
863: 863 873 
864: 864 874 
865: 764 774 865 875 
866: 666 766 767 776 777 866 876 
867: 65 66 74 75 97 165 175 197 365 372 375 465 466 471 475 565 575 597 665 666 676 766 767 776 777 867 868 869 877 878 879 979 
868: 65 66 165 197 365 375 475 575 867 868 869 877 878 879 968 969 978 979 
869: 65 365 372 375 465 475 497 565 575 676 867 868 869 877 878 879 969 979 
870: 860 870 
871: 861 871 
872: 862 872 
873: 863 873 
874: 864 874 
875: 764 774 865 875 
876: 465 565 666 766 767 776 777 866 876 877 887 
877: 65 66 74 75 76 96 97 165 175 176 197 365 375 464 465 466 475 565 575 597 665 666 676 691 766 767 776 777 867 868 869 876 877 878 879 887 978 979 
878: 65 66 75 76 96 97 164 165 176 197 198 365 366 375 376 397 465 475 496 565 575 867 868 869 877 878 879 969 978 979 
879: 65 66 75 76 96 97 164 165 175 176 197 198 365 375 376 397 465 475 496 497 565 575 665 691 867 868 869 877 878 879 969 978 979 
880: 880 
881: 881 
882: 882 
883: 883 
884: 884 
885: 885 
886: 886 887 896 
887: 766 776 777 876 877 886 887 888 987 988 
888: 887 888 988 
889: 889 989 
890: 890 
891: 891 892 
892: 891 892 
893: 893 
894: 894 
895: 895 
896: 886 896 
897: 897 
898: 898 
899: 899 
900: 900 910 
901: 901 911 
902: 902 912 
903: 903 913 
904: 904 914 
905: 905 915 
906: 906 916 
907: 907 917 
908: 908 918 
909: 909 919 
910: 900 910 
911: 901 911 
912: 902 912 
913: 903 913 
914: 904 914 
915: 905 915 
916: 906 916 
917: 907 917 
918: 908 918 
919: 909 919 
920: 920 
921: 921 
922: 922 
923: 923 
924: 924 
925: 925 
926: 926 
927: 927 
928: 928 
929: 929 
930: 930 940 
931: 931 941 
932: 932 942 
933: 933 943 
934: 934 944 
935: 935 945 
936: 936 946 
937: 937 947 
938: 938 948 
939: 849 939 949 
940: 930 940 
941: 931 941 
942: 932 942 
943: 933 943 
944: 934 944 
945: 935 945 
946: 936 946 
947: 937 947 
948: 938 948 
949: 939 949 
950: 950 
951: 951 
952: 952 
953: 953 
954: 954 
955: 955 
956: 956 
957: 957 
958: 958 959 
959: 450 550 754 859 958 959 
960: 960 970 
961: 961 971 
962: 962 972 
963: 963 973 
964: 964 974 
965: 965 975 
966: 966 976 
967: 967 
968: 868 968 969 978 979 
969: 66 497 868 869 878 879 968 969 978 979 
970: 960 970 
971: 961 971 
972: 962 972 
973: 963 973 
974: 964 974 
975: 965 975 
976: 966 976 
977: 977 987 988 
978: 65 66 76 164 165 176 376 868 877 878 879 968 969 978 979 989 
979: 65 66 76 164 165 197 365 376 397 475 476 496 497 867 868 869 877 878 879 968 969 978 979 
980: 980 
981: 981 
982: 982 
983: 983 
984: 984 
985: 985 
986: 986 
987: 887 977 987 988 997 
988: 887 888 977 987 988 
989: 76 889 978 989 
990: 990 
991: 991 
992: 992 
993: 993 
994: 994 
995: 995 
996: 996 
997: 987 997 
998: 998 
999: 999 
